Case #1: 0.333333 0.666667
Case #2: 0.1 1.1
Case #3: 0.25 0.25 0.25 0.25
Case #4: 0.346667 0.266667 0.386667
Case #5: 2.89548e+07 2.89548e+07 2.89548e+07 2.89548e+07 2.89548e+07 2.89548e+07 2.89548e+07 2.89548e+07 2.89548e+07 2.89548e+07
Case #6: 0.132316 0.114504 0.132316 0.129771 0.142494 0.0916031 0.119593 0.132316
Case #7: 8.26353e+06 8.26353e+06 8.26353e+06 8.26353e+06 8.26353e+06 8.26353e+06 8.26353e+06
Case #8: 0.199336 0.20598 0.192691 0.199336 0 0.196013
Case #9: 0.175182 0.281022 0.175182 0.149635 0.208029
Case #10: 6.00695e+06 6.00695e+06 6.00695e+06 6.00695e+06 6.00695e+06
Case #11: 0.1 0.1 0.1 0.1 0.1 0.1 0.1 0.1 0.1 0.1
Case #12: 0.1 0.1 0.1 0.1 0.1 0.1 0.1 0.1 0.1 0.1
Case #13: 0.167785 0.190157 0.192394 0.127517 0.183445 0.138702
Case #14: 1.01205 0.0120482
Case #15: 1.18564e+07 1.18564e+07 1.18564e+07 1.18564e+07 1.18564e+07 1.18564e+07 1.18564e+07
Case #16: 0.345794 0.654206
Case #17: 0.666667 0.333333
Case #18: 0.5 0.5
Case #19: 0.176871 0.165533 0.14059 0.0952381 0.170068 0.124717 0.126984
Case #20: 0.198347 0.801653
