100
3 1 5 15 13 11
3 0 8 23 22 21
2 1 7 20 9
1 0 6 7
2 0 7 13 18
2 0 8 20 20
3 0 8 20 17 20
3 2 7 28 22 13
3 3 10 11 24 15
3 0 0 30 30 30
3 3 5 7 11 19
1 0 0 29
3 2 5 7 20 20
2 2 1 4 19
1 1 10 28
3 3 2 10 9 26
1 0 9 23
1 1 8 10
2 0 1 16 30
3 0 10 30 30 30
1 0 2 7
1 0 9 24
3 2 5 29 5 6
1 0 5 12
3 0 9 27 9 10
2 0 10 26 19
3 0 8 26 0 13
1 0 5 8
1 0 5 12
3 1 5 1 5 3
2 2 5 27 21
3 0 0 18 21 5
3 0 0 14 18 11
2 0 9 2 20
1 0 9 24
1 1 1 24
2 0 6 6 9
2 0 4 8 9
2 0 4 20 9
2 0 7 17 18
1 0 3 19
3 0 3 21 26 30
1 0 9 23
1 1 1 10
1 0 5 8
2 0 7 4 13
2 0 9 23 23
1 1 8 7
3 1 7 18 8 17
1 0 10 26
3 1 4 23 18 21
1 0 9 3
1 0 7 17
1 0 0 0
3 0 7 15 24 6
1 0 2 3
3 2 1 0 2 20
2 0 5 1 7
2 0 7 15 17
1 0 6 30
2 0 8 21 20
3 1 5 11 11 11
3 1 9 30 10 3
1 0 9 19
1 0 5 11
3 3 1 28 10 12
1 1 1 16
3 0 8 25 30 2
2 1 6 7 0
2 0 4 9 26
2 1 4 8 8
3 2 8 15 25 24
2 1 1 6 21
1 0 4 8
1 0 4 8
1 0 5 11
1 1 1 28
2 0 1 0 0
3 3 0 24 6 27
3 1 9 23 8 23
1 0 2 9
1 0 5 11
3 3 8 27 16 24
2 2 3 13 15
2 2 5 16 18
3 2 10 17 8 1
3 0 5 3 25 11
2 0 4 13 30
1 1 4 19
1 0 6 21
2 2 1 19 16
2 2 3 26 24
1 0 6 15
2 1 9 30 25
1 0 7 20
2 0 2 10 26
2 2 4 28 23
2 0 4 30 16
3 0 5 11 23 24
2 1 8 5 12
